1.247689733744063556e+00
1.081561115126431272e+00
1.093858852615061661e+00
1.158156119001236828e+00
1.210341618519594320e+00
1.259675863482164537e+00
1.287624020187797980e+00
1.336972139497047962e+00
1.447469442757637559e+00
1.617705898880787752e+00
1.804791047581796537e+00
2.007293408170138793e+00
2.270036431303330549e+00
2.546442995021906075e+00
2.795940181179465522e+00
3.012982776539046892e+00
3.184740853633342805e+00
3.348184850359462228e+00
3.574654638610974544e+00
3.741915537293283744e+00
3.873767846241813029e+00
3.996566286093052423e+00
4.209134230453557279e+00
4.431089110639381268e+00
4.714385944070403234e+00
5.206464363589752509e+00
5.861587864211584176e+00
6.704326393149403707e+00
7.693285403613553619e+00
9.012994795467749398e+00
1.086527881487415215e+01
1.313155880347630600e+01
1.570110123148025316e+01
1.865793385520241188e+01
2.200840443678802671e+01
2.568188142586244993e+01
2.964931194286632632e+01
3.383168107667745517e+01
3.808221707112177512e+01
4.217090263775062908e+01
4.596850038549530382e+01
4.957942802873839128e+01
5.296886249244924016e+01
5.607088110894668631e+01
5.942815430187426529e+01
6.282585650025086466e+01
6.606679471419732863e+01
6.935940910898580114e+01
7.352764441902186832e+01
7.791712695488216411e+01
8.296775658752632410e+01
8.802985594873925379e+01
9.188916077062242493e+01
9.386654143714966381e+01
9.385826458542821626e+01
9.158242025920526430e+01
8.832792965820125630e+01
8.661270139617228381e+01
8.545638772300279129e+01
8.211645772239729979e+01
7.765599176021332539e+01
7.391941300127302839e+01
6.992938019510437186e+01
6.559961548507882867e+01
6.139022128828600700e+01
5.741555696940007181e+01
5.252564309624463590e+01
4.836403307533625195e+01
4.515888935797065784e+01
4.199915485860985598e+01
3.913753830508962039e+01
3.614940652473335092e+01
3.208967713301912283e+01
2.636126719459481649e+01
2.085258580723484556e+01
1.702956837203268137e+01
1.330988978127342115e+01
9.732125726718088288e+00
6.582464490359066112e+00
4.131773900518077802e+00
2.295841081054706301e+00
9.874066399756777912e-01
2.735176899051096067e-01
