2.190395346102821605e+01
1.207608878999071025e-06
5.528262704941212523e-07
5.600531542117254200e-06
2.965934261816236876e-05
1.071712624158468183e-04
1.379838327944442962e-04
1.688102999948525322e-04
4.985944436080128354e-04
3.152487971389662108e-03
1.205797221661234972e-02
3.299552492911217438e-02
3.172281601529848283e-01
2.834965188154797033e+00
6.937492979751645805e+00
6.870643917560792957e+00
3.066431930053425514e+00
1.393123139103832342e+00
4.658629061704176344e+00
6.324859779695255035e+00
5.500508002411001129e+00
3.459804553184221643e+00
4.794955421196785750e+00
3.979956420376157489e+00
2.306479719288438535e+00
3.125707229483245975e+00
3.939814401291600543e+00
3.602530732618400400e+00
9.953361041531566533e-01
3.658950810511133467e-01
1.055829173149191336e+00
3.978977416064980233e+00
4.910238781961126620e+00
5.139683554715206881e+00
6.308714980874517764e+00
6.179423230260625566e+00
8.719735195060891897e+00
1.877390792708954237e+01
4.936662561683179717e+01
7.964545922103579301e+01
8.076074440636364216e+01
7.906231122334214945e+01
7.965403608493843990e+01
5.533936978398407547e+01
5.375476393849579182e+01
4.754732525894972639e+01
3.079311049411722578e+01
1.645416998269379860e+01
1.571475666211333611e+01
1.692651398797513451e+01
3.514565489114190200e+01
1.038284500479979329e+02
2.216703826427747686e+02
2.699238228881206396e+02
2.123236074799139033e+02
9.444374993615296887e+01
4.073122846117900764e+01
4.838058428352503171e+01
9.370375391310766133e+01
9.347570522783973956e+01
6.900404873006708328e+01
7.217623616144439325e+01
7.114116818104868400e+01
6.166017493771258984e+01
5.529698626387803273e+01
5.214914972446952390e+01
3.129065275958405934e+01
2.518790960006454327e+01
3.141657631434257780e+01
3.984809696073692464e+01
6.208755066756162222e+01
9.506271063095550744e+01
7.052231455070368327e+01
1.192278492791677991e+01
1.650801260636107770e+00
9.257283152640111146e-01
3.623354252035243528e-01
7.158893905071199437e-02
7.794374259395681764e-03
8.537320039501837717e-04
6.770394012940242627e-05
1.368376080553456777e-06
1.124538422365880729e-07
